start=12.000000
volume=18.000000
