start=771.904000
pause=yes
volume=104.000000
contrast=-1
sid=no
