start=641.974667
pause=yes
gamma=-1
panscan=0.100000
