start=1315.858000
volume=28.000000
sid=1
