start=1.460000
panscan=0.200000
